0.944517
0.9375
0.976563
0.960227
0.958984
0.959077
0.942308
0.936996
0.917969
0.917302
0.927989
0.931373
0.952846
0.943391
0.937973
0.924956
0.948191
0.943673
0.943859
0.942479
0.940267
0.953589
0.950619
0.957207
0.949892
0.943698
0.946553
0.942748
0.94761
0.944925
0.942209
0.944019
0.938001
0.949922
0.949454
0.943348
0.952415
0.943456
0.944808
0.945517
0.946907
0.953203
0.950167
0.942461
0.952908
0.946055
0.949461
0.943588
0.94326
0.942622
0.952807
0.943601
0.948425
0.948336
0.942669
0.945226
0.944633
0.946897
0.94116
0.954951
0.948269
0.948765
0.944598
0.945438
0.940714
0.946018
0.942389
0.945619
0.942011
0.94002
0.946441
0.942486
0.94382
0.949143
0.941897
0.938932
0.943858
0.945456
0.938026
0.934703
0.942472
0.94993
0.943388
0.943393
0.944787
0.946259
0.936106
0.942648
0.93965
0.947102
0.945418
0.946335
0.942948
0.941093
0.942865
0.945163
0.940618
0.941561
0.938722
0.950802
0.942792
0.941243
0.943367
0.946612
0.941921
0.93744
0.942936
0.951389
0.942427
0.943045
0.948289
0.940478
0.946971
0.944435
0.946914
0.942918
0.945936
0.943336
0.94182
0.945484
0.947279
0.946807
0.942966
0.949519
0.944983
0.942633
0.950929
0.944186
0.940546
0.947909
0.942289
0.942084
0.944098
0.946152
0.950591
0.946814
0.946769
0.940781
0.944174
0.944962
0.941855
0.947553
0.945954
0.948202
0.94564
0.945172
0.943892
0.945152
0.938392
0.939229
0.946967
0.946259
0.94401
0.941422
0.943293
0.943478
0.943641
0.944182
0.948672
0.944789
0.9502
0.943957
0.942812
0.942991
0.940621
0.944351
0.941643
0.943291
0.941014
0.942776
0.944832
0.946478
0.939617
0.943253
0.943689
0.94516
0.942334
0.938777
0.94272
0.945409
0.94533
0.944784
0.942001
0.944515
0.944681
0.946
0.94565
0.941377
0.942725
0.94723
0.946386
0.94422
0.947257
0.942589
0.940153
0.94038
0.947682
0.945528
0.944615
0.941284
0.94274
0.94326
0.944645
0.944625
0.944205
0.942795
0.950323
0.947639
0.944558
0.942228
0.944536
0.945498
0.946984
0.946277
0.947467
0.94424
0.944238
0.948659
0.945197
0.945334
0.948007
0.946455
0.94219
0.945488
0.944542
0.946644
0.945035
0.94485
0.946537
0.94573
0.948967
0.944844
0.945461
0.944485
0.947055
0.940249
0.943692
0.945531
0.943349
0.944611
0.946018
0.950289
0.941555
0.94448
0.945968
0.945741
0.947785
0.94344
0.940736
0.945533
0.945287
0.94101
0.942078
0.94491
0.942721
0.947937
0.948423
0.944428
0.946588
0.946831
0.945023
0.945763
0.94359
0.943876
0.946144
0.947211
0.94318
0.943957
0.942272
0.943454
0.940924
0.946024
0.942294
0.943527
0.944443
0.947438
0.946868
0.944571
0.948007
0.945779
0.946969
0.943099
0.943801
0.945074
0.947906
0.942921
0.94391
0.94368
0.947173
0.946847
0.944632
0.945953
0.947072
0.945222
0.945259
0.943916
0.944286
0.946689
0.943146
0.947686
0.948341
0.94386
0.945987
0.944666
0.941932
0.942308
0.943316
0.944032
0.944621
0.942154
0.944898
0.946325
0.944037
0.944807
0.945123
0.944522
0.943776
0.947472
0.939825
0.941183
0.946566
0.942224
0.945955
0.942718
0.943649
0.94684
0.943198
0.944637
0.947519
0.944403
0.940841
0.946813
0.942397
0.942965
0.946044
0.943344
0.945126
0.94317
0.944868
0.943284
0.945202
0.945143
0.939249
0.944559
0.944502
0.945208
0.946661
0.940659
0.944313
0.942122
0.944606
0.944844
0.943933
0.94529
0.945525
0.947134
0.943562
0.944317
0.946625
0.943729
0.943807
0.944588
0.940208
0.944618
0.942817
0.946295
0.941419
0.942936
0.944615
0.944774
0.942045
0.941451
0.942012
0.943646
0.944174
0.944315
0.942706
0.940648
0.942148
0.944102
0.947505
0.944462
0.943427
0.945971
0.94404
0.943039
0.945775
0.943375
0.94432
0.945582
0.943988
0.945397
0.943435
0.945165
0.943564
0.942811
0.943929
0.943345
0.946233
0.943982
0.94514
0.94559
0.943762
0.945938
0.944661
0.946662
0.944364
0.942793
0.944883
0.94488
0.945549
0.946924
0.946354
0.942056
0.944473
0.943581
0.942513
0.943026
0.947709
0.942992
0.943941
0.947049
0.944645
0.944998
0.943946
0.94416
0.944203
0.944341
0.944098
0.94709
0.944075
0.946587
0.943414
0.943429
0.943141
0.945028
0.942462
0.945653
0.948243
0.945801
0.94342
0.941781
0.94561
0.945691
0.942104
0.947138
0.945348
0.942921
0.944411
0.945943
0.943483
0.94626
0.947737
0.94591
0.945278
0.942103
0.942457
0.945809
0.944697
0.946769
0.944823
0.942403
0.943144
0.942537
0.947458
0.947706
0.944748
0.947541
0.944155
0.94322
0.943874
0.945103
0.945604
0.943794
0.940769
0.945217
0.942222
0.943754
0.94566
0.945388
0.942906
0.944288
0.945754
0.944849
0.941995
0.944315
0.945544
0.943915
0.942785
0.943792
0.945121
0.945858
0.946636
0.945265
0.942347
0.942173
0.944126
0.943691
0.944301
0.945711
0.941544
0.944104
0.947308
0.94399
0.94399
0.947801
0.94603
0.946544
0.944173
0.94395
0.943287
0.945089
0.944212
0.942686
0.944478
0.946476
0.942989
0.943711
0.948164
0.942409
0.942014
0.946042
0.946494
0.944573
0.945301
0.945465
0.943646
0.944045
0.950025
0.943937
0.9435
0.942192
0.945554
0.941828
0.942939
0.942718
0.944133
0.943136
0.944812
0.943393
0.945428
0.944338
0.944677
0.943932
0.946733
0.945011
0.943988
0.944543
0.944953
0.94674
0.94418
0.943356
0.943765
0.945066
0.94677
0.946449
0.943095
0.942197
0.943563
0.9441
0.941669
0.944311
0.945363
0.94596
0.942655
0.94454
0.94497
0.942473
0.946139
0.944595
0.942331
0.944175
0.943863
0.944955
0.943055
0.945
0.945818
0.944073
0.943629
0.943283
0.94371
0.946247
0.943683
0.945686
0.946979
0.946701
0.944597
0.944062
0.945776
0.94497
0.942936
0.94477
0.943399
0.943663
0.941693
0.944321
0.94432
0.943821
0.946704
0.944584
0.944572
0.943738
0.945287
0.943634
0.94581
0.946236
0.945658
0.944026
0.946157
0.944585
0.944825
0.943594
0.942424
0.944641
0.942163
0.944267
0.943067
0.941598
0.945277
0.941311
0.942951
0.944418
0.94568
0.946425
0.944741
0.942742
0.944508
0.944232
0.946309
0.943768
0.944076
0.942345
0.944332
0.945172
0.94247
0.942708
0.943261
0.944067
0.944513
0.943998
0.944775
0.945281
0.944742
0.94424
0.944652
0.943054
0.942712
0.94589
0.943729
0.944857
0.944258
0.941927
0.946205
0.945938
0.945088
0.942702
0.946219
0.945039
0.946154
0.946117
0.947104
0.94575
0.942401
0.944126
0.945138
0.942939
0.9469
0.946511
0.94446
0.9456
0.944266
0.943753
0.946653
0.94545
0.945155
0.944337
0.944595
0.943134
0.942858
0.946365
0.943067
0.945696
0.943523
0.945526
0.946191
0.94595
0.946038
0.943398
0.945335
0.945079
0.943934
0.94435
0.944539
0.943423
0.942892
0.942861
0.943007
0.94531
0.943318
0.944746
0.943686
0.947707
0.945299
0.945341
0.942851
0.944259
0.94412
0.943067
0.943377
0.94422
0.946392
0.945095
0.944139
0.945122
0.941606
0.945376
0.945146
0.94374
0.945077
0.942943
0.944613
0.945497
0.942843
0.943839
0.945114
0.943433
0.944925
0.944488
0.943993
0.946044
0.942913
0.945991
0.944838
0.946117
0.945747
0.946162
0.944654
0.946304
0.942985
0.943101
0.943161
0.942971
0.945047
0.944043
0.946692
0.944878
0.944906
0.943719
0.946312
0.94496
0.944245
0.943094
0.94508
0.944833
0.943765
0.944457
0.941861
0.9436
0.944623
0.943555
0.944115
0.943272
0.944249
0.942826
0.946488
0.947273
0.946276
0.944752
0.944836
0.945233
0.944602
0.945428
0.94633
0.944185
0.944549
0.94328
0.944583
0.944513
0.942759
0.945162
0.945649
0.943833
0.944888
0.94273
0.946545
0.94492
0.945261
0.946332
0.944872
0.946211
0.945823
0.942182
0.945585
0.942597
0.944095
0.944614
0.944149
0.944357
0.944744
0.944966
0.945868
0.94558
0.942746
0.944578
0.944706
0.945971
0.945736
0.945958
0.942525
0.94475
0.945034
0.944238
0.945771
0.943633
0.942219
0.943844
0.944826
0.94304
0.944754
0.943829
0.944382
0.944434
0.945191
0.946493
0.945958
0.944412
0.945544
0.945568
0.943518
0.945239
0.945049
0.945013
0.945775
0.944143
0.944559
0.945835
0.94581
0.94703
0.942722
0.944535
0.943365
0.943306
0.944335
0.94593
0.943686
0.946332
0.94698
0.942785
0.94463
0.942676
0.943896
0.944693
0.944369
0.945417
0.944353
0.943496
0.945828
0.942008
0.944605
0.945693
0.944923
0.944635
0.943016
0.944861
0.942344
0.944678
0.942499
0.945837
0.945738
0.945969
0.942954
0.944689
0.943688
0.944168
0.942747
0.942658
0.943606
0.9451
0.944582
0.943026
0.944733
0.944331
0.945961
0.94496
0.945252
0.943897
0.943223
0.945395
0.943988
0.9451
0.943503
0.946648
0.944439
0.944831
0.94384
0.946342
0.947871
0.943906
0.944585
0.947089
0.942849
0.944912
0.943721
0.942948
0.94689
0.941962
0.945882
0.944349
0.945685
0.944643
0.945897
0.94427
0.943419
0.945965
0.943998
0.943544
0.945381
0.945164
0.94427
0.943378
0.943283
0.946038
0.945357
0.944403
0.944033
0.943434
0.94611
0.944967
0.943364
0.944223
0.944875
0.944938
0.944839
0.944989
0.943903
0.944281
0.943635
0.943422
0.943865
0.945254
0.943103
0.945583
0.943427
0.94549
0.945975
0.943898
0.945223
0.945192
0.947124
0.945074
0.944489
0.944995
0.944793
0.94518
0.945631
0.943372
0.94473
0.94568
0.945215
0.943168
0.94328
0.944484
0.944331
0.944229
0.944521
0.945246
0.944406
0.946417
0.944104
0.945427
0.945
0.944032
0.944711
0.94344
0.945303
0.946328
0.944351
0.944463
0.944193
0.943931
0.943289
0.943322
0.943787
0.943634
0.945036
0.944289
0.944034
0.943315
0.942964
0.942806
0.946402
0.945718
0.943115
0.943957
0.941968
0.945383
0.944697
0.944831
0.943921
0.94487
0.945428
