500 55 46 34
600 68 58 42
700 96 73 64
800 110 89 73
900 127 96 79
1000 133 103 82
1100 149 120 92
1200 164 130 98
1300 183 147 114
1400 206 151 131
1500 220 161 140
1600 232 172 148
1700 256 186 158
1800 260 188 161
1900 277 205 173
2000 291 211 171
2100 310 232 187
2200 379 253 192
2300 504 332 258
2400 537 454 351
2500 489 430 317
2600 560 463 378
2700 607 456 436
2800 569 400 343
2900 467 332 306
3000 526 378 359
3100 531 369 319
3200 609 451 418
3300 665 502 423
3400 564 421 349
3500 561 414 373
3600 599 430 369
3700 602 415 370
3800 622 459 357
3900 647 465 398
4000 675 501 426
4100 779 598 493
4200 734 555 459
4300 775 555 441
4400 746 561 448
4500 728 547 425
4600 720 523 444
4700 780 618 479
4800 815 632 466
4900 785 645 476
5000 915 725 563
5100 868 634 527
5200 849 623 514
5300 900 639 570
5400 918 676 603
5500 974 638 637
5600 1005 680 624
5700 1007 665 633
5800 1023 679 626
5900 1031 734 674
6000 1062 754 656
6100 1076 721 650
6200 1054 718 677
6300 1057 734 651
6400 1083 753 681
6500 1123 848 709
6600 1102 870 714
6700 1146 832 772
6800 1137 812 714
6900 1200 850 747
7000 1338 826 768
7100 1181 895 742
7200 1268 836 781
7300 1494 1060 940
7400 1328 918 821
7500 1295 910 810
7600 1307 941 810
7700 1381 994 918
7800 1403 907 777
7900 1314 960 828
8000 1432 937 788
8100 1351 1002 809
8200 1343 990 871
8300 1401 1023 901
8400 1367 1077 903
8500 1441 1046 861
8600 1444 1012 912
8700 1419 1050 906
8800 1471 1111 862
8900 1608 1111 911
9000 1465 1100 923
9100 1599 1166 928
9200 1500 1104 936
9300 1561 1204 925
9400 1599 1131 969
9500 1655 1193 1023
9600 1596 1166 935
9700 1635 1266 952
9800 1719 1233 1024
9900 1658 1255 938
10000 1644 1237 1020
