500 52 54 26
600 78 87 40
700 85 93 38
800 99 117 43
900 119 112 63
1000 132 119 66
1100 151 144 79
1200 160 156 73
1300 172 180 84
1400 191 209 94
1500 212 220 98
1600 226 246 97
1700 239 212 135
1800 253 224 149
1900 265 233 142
2000 281 256 157
2100 300 275 165
2200 319 331 176
2300 352 317 173
2400 347 336 178
2500 359 349 199
2600 437 393 202
2700 404 428 212
2800 440 408 226
2900 453 437 202
3000 501 495 238
3100 476 505 232
3200 619 693 304
3300 540 433 312
3400 523 404 279
3500 538 454 298
3600 573 486 316
3700 566 535 299
3800 580 507 323
3900 675 601 377
4000 628 561 342
4100 612 558 340
4200 698 644 417
4300 701 608 376
4400 667 620 387
4500 777 659 406
4600 706 656 373
4700 894 856 510
4800 800 745 461
4900 899 846 486
5000 922 863 455
5100 847 802 443
5200 875 821 457
5300 876 824 445
5400 921 863 512
5500 920 838 452
5600 935 908 466
5700 914 899 466
5800 953 932 476
5900 1019 982 496
6000 961 1114 545
6100 1028 1091 504
6200 1075 1030 496
6300 1014 1036 496
6400 1057 1082 554
6500 1207 988 697
6600 1200 988 662
6700 1117 894 650
6800 1165 980 660
6900 1141 953 668
7000 1158 943 643
7100 1190 1047 709
7200 1201 1025 669
7300 1147 1063 665
7400 1224 970 652
7500 1201 1033 705
7600 1210 1070 701
7700 1313 1039 720
7800 1308 1122 692
7900 1394 1117 768
8000 1317 1162 753
8100 1319 1140 760
8200 1365 1165 796
8300 1445 1277 839
8400 1373 1203 793
8500 1512 1249 801
8600 1425 1247 831
8700 1446 1247 781
8800 1443 1264 785
8900 1445 1277 783
9000 1449 1276 836
9100 1488 1310 788
9200 1535 1330 800
9300 1525 1432 831
9400 1566 1386 809
9500 1612 1523 953
9600 1862 1579 988
9700 1735 1519 914
9800 1841 1581 1011
9900 1671 1527 936
10000 1692 1511 982
