500 92 71 73
600 102 80 85
700 125 96 99
800 165 137 134
900 167 127 137
1000 180 130 140
1100 202 155 166
1200 211 153 153
1300 229 168 175
1400 288 216 218
1500 303 242 241
1600 355 266 284
1700 346 263 283
1800 377 298 318
1900 374 264 281
2000 380 303 303
2100 418 307 317
2200 413 307 327
2300 445 323 335
2400 454 333 337
2500 487 332 363
2600 528 402 404
2700 579 645 476
2800 820 587 671
2900 738 506 544
3000 804 606 625
3100 679 507 547
3200 697 516 535
3300 733 556 587
3400 761 559 561
3500 793 588 643
3600 887 696 725
3700 788 549 632
3800 800 584 608
3900 886 644 704
4000 863 581 654
4100 813 600 629
4200 911 611 664
4300 941 627 719
4400 933 668 719
4500 910 646 707
4600 900 653 719
4700 1047 679 751
4800 1036 762 775
4900 1062 692 758
5000 1011 674 743
5100 1015 712 737
5200 1066 815 859
5300 1172 839 811
5400 1269 943 1061
5500 1229 842 894
5600 1177 868 900
5700 1273 922 963
5800 1288 973 1055
5900 1416 1120 1084
6000 1380 1049 1125
6100 1381 1067 1132
6200 1430 1173 1162
6300 1496 1117 1198
6400 1441 1056 1165
6500 1522 1136 1141
6600 1464 1048 1130
6700 1553 1138 1326
6800 1504 1133 1207
6900 1552 1146 1253
7000 1627 1128 1249
7100 1605 1186 1214
7200 1578 1198 1220
7300 1591 1181 1280
7400 1642 1125 1259
7500 1695 1157 1256
7600 1716 1158 1296
7700 1684 1219 1339
7800 1720 1229 1384
7900 1874 1376 1446
8000 1992 1465 1474
8100 1758 1271 1396
8200 1912 1322 1455
8300 1916 1326 1461
8400 1918 1277 1447
8500 1947 1357 1415
8600 1895 1296 1523
8700 1987 1389 1489
8800 1972 1329 1447
8900 1933 1376 1581
9000 2170 1469 1583
9100 2127 1477 1525
9200 2324 1734 1759
9300 2067 1493 1558
9400 2014 1389 1507
9500 2061 1421 1532
9600 2063 1418 1483
9700 2106 1426 1492
9800 2044 1431 1460
9900 2132 1435 1619
10000 2296 1568 1763
