500 57 45 36
600 70 57 41
700 84 74 46
800 96 87 51
900 109 101 59
1000 139 116 85
1100 142 113 89
1200 159 127 88
1300 170 135 102
1400 204 165 117
1500 206 174 116
1600 216 188 121
1700 241 208 133
1800 247 221 122
1900 262 236 134
2000 296 226 176
2100 306 236 190
2200 363 242 196
2300 332 243 201
2400 360 317 209
2500 366 280 207
2600 379 330 233
2700 395 303 212
2800 486 382 302
2900 436 394 260
3000 491 405 286
3100 466 373 261
3200 554 436 288
3300 507 429 278
3400 697 602 390
3500 504 423 266
3600 639 599 377
3700 681 620 373
3800 649 544 352
3900 749 674 458
4000 670 459 398
4100 815 642 521
4200 766 564 479
4300 671 491 414
4400 723 520 412
4500 707 550 438
4600 722 595 456
4700 745 603 419
4800 832 670 486
4900 820 622 492
5000 797 618 467
5100 894 733 505
5200 883 683 510
5300 862 675 497
5400 878 648 493
5500 860 676 532
5600 969 761 517
5700 907 723 503
5800 1022 760 589
5900 962 769 539
6000 975 791 550
6100 1157 932 646
6200 1013 797 578
6300 1024 838 576
6400 1209 978 724
6500 1152 926 603
6600 1098 877 617
6700 1106 925 594
6800 1230 966 667
6900 1078 876 617
7000 1290 1003 672
7100 1175 961 616
7200 1166 941 604
7300 1231 1001 698
7400 1198 1024 665
7500 1253 1042 638
7600 1244 1024 651
7700 1318 1103 650
7800 1298 993 759
7900 1356 964 795
8000 1430 966 801
8100 1395 1006 841
8200 1379 991 808
8300 1340 1009 861
8400 1410 986 895
8500 1404 1078 894
8600 1471 1071 851
8700 1511 1152 1052
8800 1477 1122 949
8900 1535 1081 932
9000 1494 1097 936
9100 1528 1101 897
9200 1560 1126 893
9300 1593 1215 970
9400 1589 1180 902
9500 1825 1425 1056
9600 1665 1249 1050
9700 1686 1237 981
9800 1716 1349 1031
9900 1684 1229 987
10000 1695 1257 955
