500 168 147 153
600 213 177 184
700 242 206 212
800 287 232 247
900 303 251 274
1000 355 295 307
1100 391 332 349
1200 453 352 391
1300 553 455 488
1400 499 406 431
1500 537 440 467
1600 590 463 515
1700 621 499 526
1800 656 532 562
1900 721 593 611
2000 756 597 642
2100 779 627 659
2200 824 673 714
2300 865 723 825
2400 887 715 746
2500 926 734 798
2600 981 806 902
2700 991 798 834
2800 1030 816 912
2900 1122 925 1038
3000 1133 886 949
3100 1130 921 973
3200 1175 913 995
3300 1216 971 1040
3400 1272 1042 1082
3500 1288 1001 1108
3600 1332 1057 1151
3700 1361 1081 1170
3800 1398 1147 1218
3900 1517 1238 1323
4000 1497 1207 1259
4100 1651 1384 1503
4200 1591 1298 1374
4300 1578 1295 1360
4400 1632 1318 1402
4500 1671 1384 1459
4600 1816 1486 1563
4700 1818 1442 1540
4800 1817 1435 1546
4900 1861 1485 1576
5000 1925 1537 1629
5100 1870 1480 1593
5200 1929 1558 1682
5300 2077 1667 1747
5400 2075 1623 1753
5500 2080 1667 1757
5600 2112 1688 1805
5700 2133 1704 1833
5800 2186 1774 1886
5900 2330 1867 1978
6000 2276 1805 1930
6100 2366 1902 2000
6200 2331 1849 2014
6300 2401 1905 2044
6400 2540 2024 2133
6500 2535 2041 2104
6600 2470 2001 2100
6700 2570 2024 2126
6800 2553 2077 2203
6900 2708 2133 2314
7000 2692 2110 2286
7100 2751 2192 2342
7200 2786 2186 2337
7300 2827 2274 2410
7400 2961 2381 2514
7500 2895 2322 2407
7600 2974 2281 2487
7700 2954 2311 2476
7800 3089 2490 2621
7900 3117 2443 2595
8000 3102 2450 2686
8100 3109 2430 2649
8200 3261 2619 2787
8300 3240 2549 2668
8400 3230 2553 2685
8500 3321 2629 2794
8600 3435 2742 2963
8700 3409 2662 2860
8800 3455 2725 2869
8900 3553 2805 3022
9000 3496 2809 2940
9100 3642 2787 2983
9200 3772 3009 3235
9300 3800 3072 3351
9400 3778 2984 3186
9500 4045 3306 3495
9600 4361 3351 3594
9700 3823 3047 3245
9800 4074 3168 3422
9900 3926 3128 3421
10000 3928 3067 3318
